*************************************************
******************* ORCA 6.0.1 ******************
*************************************************
$Calculation_Status
   &GeometryIndex 1
   &ListStatus       OUT
   &VERSION [&Type "String"] "6.0.1"
   &PROGNAME [&Type "String"] "LeanSCF"
   &STATUS [&Type "String"] "NORMAL TERMINATION"
$End
$Geometry
   &GeometryIndex 1
   &ListStatus       OUT
   &NATOMS [&Type "Integer"] 26
   &NCORELESSECP [&Type "Integer"] 0
   &NGHOSTATOMS [&Type "Integer"] 0
   &CartesianCoordinates [&Type "Coordinates", &Dim(26,4), &Units "Bohr"] 
              C     -6.634847353459   -0.074908743949    0.012037555473
              C     -5.343559691628    2.222450214321    0.014078459698
              C     -2.693275480587    2.282467916334    0.002399952190
              C     -1.362171289114    4.572532531727   -0.004837698903
              C      1.278286346030    4.599744588055   -0.009410836147
              C      2.656765971680    2.338384912637   -0.005725870186
              C      5.307749381390    2.332885809587   -0.001644061737
              C      6.646450271921    0.062908982998    0.000396842488
              C      5.353745315490   -2.233618495772   -0.003495993348
              C      2.704009125028   -2.290971683937   -0.006670733253
              C      1.373452954134   -4.580790634932   -0.010110034816
              C     -1.266626735783   -4.608286150180   -0.010695849918
              C     -2.644426060025   -2.346643015842   -0.005102260562
              C     -5.294842551895   -2.343789529380   -0.000944863067
              C     -1.333031712129   -0.017839014704   -0.003174739905
              C      1.344577938808    0.010317904691   -0.005404616743
              H     -8.688620613066   -0.097264204113    0.020031097020
              H     -6.424199581311    3.970673655334    0.025889248035
              H     -2.372343291263    6.362178769595   -0.007672288104
              H      2.251457510476    6.410744731237   -0.015552446082
              H      6.351841967643    4.103294635413    0.001379500078
              H      8.700223531528    0.083242436199    0.005083363300
              H      6.432854527004   -3.982749005330   -0.002929075508
              H      2.383530469976   -6.370758126243   -0.011943069166
              H     -2.239646722139   -6.418832759090   -0.013095802108
              H     -6.337423357241   -4.115199910056   -0.005574692095
$End
$SCF_Energy
   &GeometryIndex 1
   &ListStatus       OUT
   &SCF_ENERGY [&Type "Double"]      -6.1175339886355334e+02
$End
$Mulliken_Population_Analysis
   &GeometryIndex 1
   &ListStatus       OUT
   &NATOMS [&Type "Integer"] 26
   &ATNO [&Type "ArrayOfIntegers", &Dim (26,1)] 
                                                         0

0                                                        6
1                                                        6
2                                                        6
3                                                        6
4                                                        6
5                                                        6
6                                                        6
7                                                        6
8                                                        6
9                                                        6
10                                                       6
11                                                       6
12                                                       6
13                                                       6
14                                                       6
15                                                       6
16                                                       1
17                                                       1
18                                                       1
19                                                       1
20                                                       1
21                                                       1
22                                                       1
23                                                       1
24                                                       1
25                                                       1
   &ATOMICCHARGES [&Type "ArrayOfDoubles", &Dim (26,1)] 
                                                         0

0                                     -1.9982185341209124e-01
1                                     -2.3597387136466530e-01
2                                      7.1183622590119455e-02
3                                     -2.2065632248934630e-01
4                                     -2.2090227860393874e-01
5                                      7.1528723209923761e-02
6                                     -2.3595729279768030e-01
7                                     -1.9983193229308149e-01
8                                     -2.3604365020976736e-01
9                                      7.1323634856834239e-02
10                                    -2.2078723741029815e-01
11                                    -2.2085521434771316e-01
12                                     7.1424430963111796e-02
13                                    -2.3602290780192270e-01
14                                    -7.9999817312687682e-02
15                                    -8.0073143170348970e-02
16                                     2.0710027485485738e-01
17                                     2.0913154632755182e-01
18                                     2.1268292659605104e-01
19                                     2.1264608052144429e-01
20                                     2.0911082890112587e-01
21                                     2.0710277334024230e-01
22                                     2.0919879950144804e-01
23                                     2.1266520013146839e-01
24                                     2.1266315986002171e-01
25                                     2.0916351955935131e-01
$End
$Loewdin_Population_Analysis
   &GeometryIndex 1
   &ListStatus       OUT
   &NATOMS [&Type "Integer"] 26
   &ATNO [&Type "ArrayOfIntegers", &Dim (26,1)] 
                                                         0

0                                                        6
1                                                        6
2                                                        6
3                                                        6
4                                                        6
5                                                        6
6                                                        6
7                                                        6
8                                                        6
9                                                        6
10                                                       6
11                                                       6
12                                                       6
13                                                       6
14                                                       6
15                                                       6
16                                                       1
17                                                       1
18                                                       1
19                                                       1
20                                                       1
21                                                       1
22                                                       1
23                                                       1
24                                                       1
25                                                       1
   &ATOMICCHARGES [&Type "ArrayOfDoubles", &Dim (26,1)] 
                                                         0

0                                     -1.3598267881367843e-01
1                                     -1.3376020742696326e-01
2                                     -2.0676218179580985e-02
3                                     -1.2594275546930511e-01
4                                     -1.2591722098709024e-01
5                                     -2.0730261101688185e-02
6                                     -1.3373812622138193e-01
7                                     -1.3598422548861588e-01
8                                     -1.3372991987538274e-01
9                                     -2.0650734581466601e-02
10                                    -1.2595216005543008e-01
11                                    -1.2595976186007896e-01
12                                    -2.0658818176546134e-02
13                                    -1.3373187869405800e-01
14                                    -1.1184278218250299e-03
15                                    -1.0833759746677885e-03
16                                     1.3926492835502513e-01
17                                     1.3859456487988842e-01
18                                     1.4069877171318690e-01
19                                     1.4065011350332757e-01
20                                     1.3858533046612875e-01
21                                     1.3926743297112432e-01
22                                     1.3861889473181466e-01
23                                     1.4067471497063189e-01
24                                     1.4066536581675115e-01
25                                     1.3859665331989568e-01
$End
$Mayer_Population_Analysis
   &GeometryIndex 1
   &ListStatus       OUT
   &NATOMS [&Type "Integer"] 26 "Total number of atoms"
   &BONDTHRESH [&Type "Double"]       1.0000000000000001e-01  "The threshold for printing"
   &NBONDORDERSPRINT [&Type "Integer"] 29 "The number of bond orders larger than threshold"
   &BONDORDERS [&Type "ArrayOfDoubles", &Dim (29,1)] "The bond orders"
                                                         0

0                                      1.4415894882622566e+00
1                                      1.4413453331167785e+00
2                                      9.4081462628707802e-01
3                                      1.3794042166128735e+00
4                                      9.3429297678984535e-01
5                                      1.1864812079111169e+00
6                                      1.3234499777225039e+00
7                                      1.6726053128042833e+00
8                                      9.3381094180665158e-01
9                                      1.1865088397533561e+00
10                                     9.3382578667688176e-01
11                                     1.3792670709124824e+00
12                                     1.3235325956509707e+00
13                                     1.4417429779484738e+00
14                                     9.3429665346728208e-01
15                                     1.4411666787430670e+00
16                                     9.4081574121092804e-01
17                                     1.3798391418750704e+00
18                                     9.3426862703496361e-01
19                                     1.1865069930743470e+00
20                                     1.3231096351542984e+00
21                                     1.6726628475291447e+00
22                                     9.3381936352088579e-01
23                                     1.1865137142412776e+00
24                                     9.3381349930359792e-01
25                                     1.3797122353937388e+00
26                                     1.3232359055642098e+00
27                                     9.3428330137771243e-01
28                                     1.2702433558757973e+00
   &COMPONENTS [&Type "ArrayOfIntegers", &Dim (29,4)] "The indices and atomic numbers of the bonding atoms"
                                                         0                           1                           2                           3

0                                                        0                           6                           1                           6
1                                                        0                           6                          13                           6
2                                                        0                           6                          16                           1
3                                                        1                           6                           2                           6
4                                                        1                           6                          17                           1
5                                                        2                           6                           3                           6
6                                                        2                           6                          14                           6
7                                                        3                           6                           4                           6
8                                                        3                           6                          18                           1
9                                                        4                           6                           5                           6
10                                                       4                           6                          19                           1
11                                                       5                           6                           6                           6
12                                                       5                           6                          15                           6
13                                                       6                           6                           7                           6
14                                                       6                           6                          20                           1
15                                                       7                           6                           8                           6
16                                                       7                           6                          21                           1
17                                                       8                           6                           9                           6
18                                                       8                           6                          22                           1
19                                                       9                           6                          10                           6
20                                                       9                           6                          15                           6
21                                                      10                           6                          11                           6
22                                                      10                           6                          23                           1
23                                                      11                           6                          12                           6
24                                                      11                           6                          24                           1
25                                                      12                           6                          13                           6
26                                                      12                           6                          14                           6
27                                                      13                           6                          25                           1
28                                                      14                           6                          15                           6
   &ATNO [&Type "ArrayOfIntegers", &Dim (26,1)] "Atomic number of the elements"
                                                         0

0                                                        6
1                                                        6
2                                                        6
3                                                        6
4                                                        6
5                                                        6
6                                                        6
7                                                        6
8                                                        6
9                                                        6
10                                                       6
11                                                       6
12                                                       6
13                                                       6
14                                                       6
15                                                       6
16                                                       1
17                                                       1
18                                                       1
19                                                       1
20                                                       1
21                                                       1
22                                                       1
23                                                       1
24                                                       1
25                                                       1
   &NA [&Type "ArrayOfDoubles", &Dim (26,1)] "Mulliken gross atomic population"
                                                         0

0                                      6.1998218534121161e+00
1                                      6.2359738713646795e+00
2                                      5.9288163774098894e+00
3                                      6.2206563224893445e+00
4                                      6.2209022786039432e+00
5                                      5.9284712767900647e+00
6                                      6.2359572927976723e+00
7                                      6.1998319322930939e+00
8                                      6.2360436502097931e+00
9                                      5.9286763651431658e+00
10                                     6.2207872374102999e+00
11                                     6.2208552143477061e+00
12                                     5.9285755690368971e+00
13                                     6.2360229078019360e+00
14                                     6.0799998173126912e+00
15                                     6.0800731431703658e+00
16                                     7.9289972514514284e-01
17                                     7.9086845367244718e-01
18                                     7.8731707340394885e-01
19                                     7.8735391947855671e-01
20                                     7.9088917109887336e-01
21                                     7.9289722665975682e-01
22                                     7.9080120049855152e-01
23                                     7.8733479986853172e-01
24                                     7.8733684013997840e-01
25                                     7.9083648044064825e-01
   &ZA [&Type "ArrayOfDoubles", &Dim (26,1)] "Total nuclear charge"
                                                         0

0                                      6.0000000000000000e+00
1                                      6.0000000000000000e+00
2                                      6.0000000000000000e+00
3                                      6.0000000000000000e+00
4                                      6.0000000000000000e+00
5                                      6.0000000000000000e+00
6                                      6.0000000000000000e+00
7                                      6.0000000000000000e+00
8                                      6.0000000000000000e+00
9                                      6.0000000000000000e+00
10                                     6.0000000000000000e+00
11                                     6.0000000000000000e+00
12                                     6.0000000000000000e+00
13                                     6.0000000000000000e+00
14                                     6.0000000000000000e+00
15                                     6.0000000000000000e+00
16                                     1.0000000000000000e+00
17                                     1.0000000000000000e+00
18                                     1.0000000000000000e+00
19                                     1.0000000000000000e+00
20                                     1.0000000000000000e+00
21                                     1.0000000000000000e+00
22                                     1.0000000000000000e+00
23                                     1.0000000000000000e+00
24                                     1.0000000000000000e+00
25                                     1.0000000000000000e+00
   &QA [&Type "ArrayOfDoubles", &Dim (26,1)] "Mulliken gross atomic charge"
                                                         0

0                                     -1.9982185341211611e-01
1                                     -2.3597387136467951e-01
2                                      7.1183622590110573e-02
3                                     -2.2065632248934453e-01
4                                     -2.2090227860394318e-01
5                                      7.1528723209935308e-02
6                                     -2.3595729279767230e-01
7                                     -1.9983193229309393e-01
8                                     -2.3604365020979312e-01
9                                      7.1323634856834239e-02
10                                    -2.2078723741029993e-01
11                                    -2.2085521434770605e-01
12                                     7.1424430963102914e-02
13                                    -2.3602290780193602e-01
14                                    -7.9999817312691235e-02
15                                    -8.0073143170365846e-02
16                                     2.0710027485485716e-01
17                                     2.0913154632755282e-01
18                                     2.1268292659605115e-01
19                                     2.1264608052144329e-01
20                                     2.0911082890112664e-01
21                                     2.0710277334024318e-01
22                                     2.0919879950144848e-01
23                                     2.1266520013146828e-01
24                                     2.1266315986002160e-01
25                                     2.0916351955935175e-01
   &VA [&Type "ArrayOfDoubles", &Dim (26,1)] "Mayer's total valence"
                                                         0

0                                      3.8903300164111525e+00
1                                      3.9013164614552620e+00
2                                      3.9552221904577332e+00
3                                      3.8828935084789897e+00
4                                      3.8829396661912394e+00
5                                      3.9550991023474085e+00
6                                      3.9013264957388287e+00
7                                      3.8903090404667591e+00
8                                      3.9013453606400441e+00
9                                      3.9552729476100841e+00
10                                     3.8830013307184932e+00
11                                     3.8830471254434862e+00
12                                     3.9552539651416279e+00
13                                     3.9013631381490410e+00
14                                     4.0821257609555994e+00
15                                     4.0822000938522987e+00
16                                     9.2656139357323719e-01
17                                     9.2552556873677450e-01
18                                     9.2513858509623281e-01
19                                     9.2516062664670140e-01
20                                     9.2553305076016101e-01
21                                     9.2656051404619821e-01
22                                     9.2550613959562011e-01
23                                     9.2514169655598189e-01
24                                     9.2514666299384318e-01
25                                     9.2551975137210318e-01
   &BVA [&Type "ArrayOfDoubles", &Dim (26,1)] "Mayer's bonded valence"
                                                         0

0                                      3.8903300164111090e+00
1                                      3.9013164614552118e+00
2                                      3.9552221904576701e+00
3                                      3.8828935084789689e+00
4                                      3.8829396661911786e+00
5                                      3.9550991023474564e+00
6                                      3.9013264957389380e+00
7                                      3.8903090404667617e+00
8                                      3.9013453606399953e+00
9                                      3.9552729476100748e+00
10                                     3.8830013307184230e+00
11                                     3.8830471254434396e+00
12                                     3.9552539651415755e+00
13                                     3.9013631381490481e+00
14                                     4.0821257609555746e+00
15                                     4.0822000938522844e+00
16                                     9.2656139357324385e-01
17                                     9.2552556873677816e-01
18                                     9.2513858509623126e-01
19                                     9.2516062664670395e-01
20                                     9.2553305076018144e-01
21                                     9.2656051404621598e-01
22                                     9.2550613959563133e-01
23                                     9.2514169655598300e-01
24                                     9.2514666299383230e-01
25                                     9.2551975137211606e-01
   &FA [&Type "ArrayOfDoubles", &Dim (26,1)] "Mayer's free valence"
                                                         0

0                                      0.0000000000000000e+00
1                                      0.0000000000000000e+00
2                                      0.0000000000000000e+00
3                                      0.0000000000000000e+00
4                                      0.0000000000000000e+00
5                                      0.0000000000000000e+00
6                                      0.0000000000000000e+00
7                                      0.0000000000000000e+00
8                                      0.0000000000000000e+00
9                                      0.0000000000000000e+00
10                                     0.0000000000000000e+00
11                                     0.0000000000000000e+00
12                                     0.0000000000000000e+00
13                                     0.0000000000000000e+00
14                                     0.0000000000000000e+00
15                                     0.0000000000000000e+00
16                                     0.0000000000000000e+00
17                                     0.0000000000000000e+00
18                                     0.0000000000000000e+00
19                                     0.0000000000000000e+00
20                                     0.0000000000000000e+00
21                                     0.0000000000000000e+00
22                                     0.0000000000000000e+00
23                                     0.0000000000000000e+00
24                                     0.0000000000000000e+00
25                                     0.0000000000000000e+00
$End
$Calculation_Info
   &GeometryIndex 1
   &ListStatus       OUT
   &MULT [&Type "Integer"] 1
   &CHARGE [&Type "Integer"] 0
   &NUMOFATOMS [&Type "Integer"] 26
   &NUMOFELECTRONS [&Type "Integer"] 106
   &NUMOFFCELECTRONS [&Type "Integer"] 1
   &NUMOFCORRELECTRONS [&Type "Integer"] 0
   &NUMOFBASISFUNCTS [&Type "Integer"] 244
   &NUMOFAUXCBASISFUNCTS [&Type "Integer"] 0
   &NUMOFAUXJBASISFUNCTS [&Type "Integer"] 0
   &NUMOFAUXJKBASISFUNCTS [&Type "Integer"] 0
   &NUMOFCABSBASISFUNCTS [&Type "Integer"] 0
   &TOTALENERGY [&Type "Double"]      -6.1175339886355334e+02  "Hartrees"
$End
$SCF_Dipole_Moment
   &GeometryIndex 1
   &ListStatus       OUT
   &METHOD [&Type "String"] "SCF"
   &LEVEL [&Type "String"] "Relaxed density"
   &MULT [&Type "Integer"] 1
   &STATE [&Type "Integer"] -1
   &IRREP [&Type "Integer"] 0
   &NATOMS [&Type "Integer"] 26
   &DODIPOLEATOM [&Type "Boolean"] false
   &DIPOLEELECCONTRIB [&Type "ArrayOfDoubles", &Dim (3,1)] "Electronic contribution"
                                                         0

0                                     -6.8526952798908525e-06
1                                      2.9857200269383100e-03
2                                     -8.0272689692197120e-03
   &DIPOLENUCCONTRIB [&Type "ArrayOfDoubles", &Dim (3,1)] "Nuclear contribution"
                                                         0

0                                      6.6856483993404936e-06
1                                     -3.6314211672898722e-03
2                                      9.2250800372400896e-03
   &DIPOLETOTAL [&Type "ArrayOfDoubles", &Dim (3,1)] "Total"
                                                         0

0                                     -1.6704688055035888e-07
1                                     -6.4570114035156223e-04
2                                      1.1978110680203775e-03
   &DIPOLEMAGNITUDE [&Type "Double", &Units "a.u."]       1.3607649853035187e-03
$End
