Run semi-empirical minimization
 &qmmm
    qm_theory='AM1', grms_tol=0.0005,
 scfconv=1.d-10, ndiis_attempts=700,   qmcharge=0,
 /
   6     C       -3.5110       -0.0400        0.0060 
   6    C1       -2.8280        1.1760        0.0070 
   6    C2       -1.4250        1.2080        0.0010 
   6    C3       -0.7210        2.4200       -0.0030 
   6    C4        0.6760        2.4340       -0.0050 
   6    C5        1.4060        1.2370       -0.0030 
   6    C6        2.8090        1.2340       -0.0010 
   6    C7        3.5170        0.0330        0.0000 
   6    C8        2.8330       -1.1820       -0.0020 
   6    C9        1.4310       -1.2120       -0.0040 
   6   C10        0.7270       -2.4240       -0.0050 
   6   C11       -0.6700       -2.4390       -0.0060 
   6   C12       -1.3990       -1.2420       -0.0030 
   6   C13       -2.8020       -1.2400       -0.0010 
   6   C14       -0.7050       -0.0090       -0.0020 
   6   C15        0.7120        0.0050       -0.0030 
   1     H       -4.5980       -0.0510        0.0110 
   1    H1       -3.4000        2.1010        0.0140 
   1    H2       -1.2550        3.3670       -0.0040 
   1    H3        1.1910        3.3920       -0.0080 
   1    H4        3.3610        2.1710        0.0010 
   1    H5        4.6040        0.0440        0.0030 
   1    H6        3.4040       -2.1080       -0.0020 
   1    H7        1.2610       -3.3710       -0.0060 
   1    H8       -1.1850       -3.3970       -0.0070 
   1    H9       -3.3540       -2.1780       -0.0030 

