-0.49129600
0.34612400
0.00242700
0.07747300
0.00378300
-0.06611000
-0.06176800
-0.40885000
-0.08222800
-0.01499600
-0.15084200
-0.39532300
0.08461800
0.06859500
-0.01288500
-0.01367300
-0.06417100
0.01956300
-0.27889500
-0.04220400
-0.01014500
-0.48597100
0.04455800
0.05192000
-0.59730600
-0.30787100
0.23610000
-0.60532100
-0.01478700
-0.63066000
0.17195200
-0.42170700
0.09366100
0.10123700
0.17462900
0.17462900
0.05738100
0.05738100
0.10022600
0.13661800
0.16929100
0.16929100
0.05160700
0.05160700
0.03111200
0.03111200
0.03512800
0.03512800
0.05619800
0.05619800
0.13651300
0.15019400
0.37534200
0.11149400
0.08981300
0.08981300
0.37077800
0.10730400
0.44626500
0.14014100
0.44980400
