*************************************************
******************* ORCA 6.0.1 ******************
*************************************************
$Calculation_Status
   &GeometryIndex 1
   &ListStatus       OUT
   &VERSION [&Type "String"] "6.0.1"
   &PROGNAME [&Type "String"] "LeanSCF"
   &STATUS [&Type "String"] "NORMAL TERMINATION"
$End
$Geometry
   &GeometryIndex 1
   &ListStatus       OUT
   &NATOMS [&Type "Integer"] 61
   &NCORELESSECP [&Type "Integer"] 0
   &NGHOSTATOMS [&Type "Integer"] 0
   &CartesianCoordinates [&Type "Coordinates", &Dim(61,4), &Units "Bohr"] 
              O     -5.151526889636    5.051886053601    3.325210907267
              C     -4.777141625352    2.858466728779    2.991685964943
              C     -6.704404047597    0.749557071456    3.111998967356
              H     -7.406832047590    0.665926619967    5.034330279654
              C     -5.218239999199   -1.633623682327    2.382316192995
              C     -6.471775052963   -2.694003104851   -0.066066599219
              C     -5.290805630957   -1.815569088397   -2.509000742765
              C     -4.197245647568   -3.321352624022   -4.166668730971
              C     -9.205256930719   -1.718503189932    0.216426104036
              C     -8.929430479648    0.989602969831    1.219558714483
              C    -11.233560905455    2.208992951243    2.363119034004
              C    -13.542636534481    1.272417437867    2.414385823822
              H     -5.285003743279   -3.071147296454    3.836793758179
              N     -2.438831229175    1.825924454282    2.446874146232
              C     -0.104786083217    3.313490129227    2.542230217982
              C      0.281821129059    5.166036316970    0.357243433671
              C      0.194412303438    4.079729011412   -2.325475222904
              C      1.794877321509    1.739730067390   -2.786386628050
              O      4.317579549645    2.199128811783   -2.077900088384
              C      5.887152471397    0.064867951148   -1.985214104853
              C      6.829025591714   -0.478845852206    0.686011445852
              O      4.888339686241   -0.917112629331    2.440557500398
              C      8.713149288551   -2.686669414861    0.604326721882
              C      9.931571673113   -3.247815286418    3.154830891861
              O      8.246310755405   -4.346415165344    4.858971315151
              O     10.690232170162   -2.088184473636   -1.065977866959
              C      9.953141877251   -1.738410853220   -3.552512063495
              O     12.128188286461   -1.303340549005   -4.914699488851
              C      8.152591297878    0.496151508025   -3.700302249452
              O      7.428634328351    0.766098861709   -6.234295609037
              C     -2.500811920383   -0.759244063048    2.173310305687
              O     -0.695272921297   -2.081754866062    1.855077196473
              H     -6.410184311973   -4.738617352342   -0.035409347346
              H     -5.407720884030    0.175838897199   -2.929459451061
              H     -3.427708911341   -2.606308768939   -5.906125533633
              H     -4.029018534079   -5.323927212633   -3.853716508805
              H    -10.189076604009   -2.868986415316    1.603516586007
              H    -10.256517880825   -1.819040564259   -1.538389398261
              H     -8.326696742101    2.204171124778   -0.326087943579
              H    -10.888810700262    4.042911531523    3.181462761478
              H    -15.069708887054    2.306809496931    3.266457500865
              H    -14.017710569806   -0.533956580397    1.613750183172
              H      1.431836420139    1.985450157517    2.645921242746
              H     -0.140982769906    4.372950622893    4.291414722308
              H     -1.102363455698    6.669170626688    0.495245117121
              H      2.120244004561    6.018897476870    0.667741041878
              H     -1.738246243450    3.599545975765   -2.831595862753
              H      0.775819496440    5.560614962133   -3.623051063314
              H      1.716782666503    1.236792774118   -4.779345024111
              H      1.056323722806    0.153558802034   -1.733933905693
              H      4.859740890450   -1.576291592506   -2.682022149104
              H      7.820363723762    1.177793107540    1.368773513254
              H      3.508542054111   -1.847657199103    1.759417184966
              H      7.740411063785   -4.390124241550   -0.027026467638
              H     11.448922828846   -4.581948818744    2.856866331066
              H     10.757546675321   -1.521167637372    3.907480696809
              H      6.826850910472   -3.263602721848    5.034892528233
              H      8.998677252015   -3.432322464951   -4.242231275589
              H     11.654948485763   -0.718012368076   -6.544207032515
              H      9.175220355485    2.158548542014   -3.064397738261
              H      6.482169959514    2.278605508366   -6.402862819091
$End
$SCF_Energy
   &GeometryIndex 1
   &ListStatus       OUT
   &SCF_ENERGY [&Type "Double"]      -1.4665862695820074e+03
$End
$Mulliken_Population_Analysis
   &GeometryIndex 1
   &ListStatus       OUT
   &NATOMS [&Type "Integer"] 61
   &ATNO [&Type "ArrayOfIntegers", &Dim (61,1)] 
                                                         0

0                                                        8
1                                                        6
2                                                        6
3                                                        1
4                                                        6
5                                                        6
6                                                        6
7                                                        6
8                                                        6
9                                                        6
10                                                       6
11                                                       6
12                                                       1
13                                                       7
14                                                       6
15                                                       6
16                                                       6
17                                                       6
18                                                       8
19                                                       6
20                                                       6
21                                                       8
22                                                       6
23                                                       6
24                                                       8
25                                                       8
26                                                       6
27                                                       8
28                                                       6
29                                                       8
30                                                       6
31                                                       8
32                                                       1
33                                                       1
34                                                       1
35                                                       1
36                                                       1
37                                                       1
38                                                       1
39                                                       1
40                                                       1
41                                                       1
42                                                       1
43                                                       1
44                                                       1
45                                                       1
46                                                       1
47                                                       1
48                                                       1
49                                                       1
50                                                       1
51                                                       1
52                                                       1
53                                                       1
54                                                       1
55                                                       1
56                                                       1
57                                                       1
58                                                       1
59                                                       1
60                                                       1
   &ATOMICCHARGES [&Type "ArrayOfDoubles", &Dim (61,1)] 
                                                         0

0                                     -5.8158529165964623e-01
1                                      8.2267920286027696e-01
2                                     -3.0888884783620085e-01
3                                      2.4004947242221975e-01
4                                     -3.0299461276589668e-01
5                                     -2.0850285679719871e-01
6                                     -1.4380331734252749e-01
7                                     -3.9026602398156118e-01
8                                     -3.2875922334807495e-01
9                                     -2.1006672127504622e-01
10                                    -1.2198596891959390e-01
11                                    -4.1410639256964377e-01
12                                     2.3715923117728632e-01
13                                    -7.8008146239640830e-01
14                                    -1.6492448652259473e-01
15                                    -3.3092147114594983e-01
16                                    -3.5207376515691546e-01
17                                    -1.3801792909413635e-03
18                                    -7.0617643900560267e-01
19                                     1.2866949194042920e-01
20                                     2.0010641885143521e-01
21                                    -8.4362076021019661e-01
22                                     1.1766611665236582e-01
23                                     3.4608075631441082e-02
24                                    -8.0279741521568937e-01
25                                    -6.9096973154455377e-01
26                                     5.8197270215466901e-01
27                                    -7.9290071852207689e-01
28                                     1.2664810588026754e-01
29                                    -8.2064502543947881e-01
30                                     8.4972919217653242e-01
31                                    -6.2560510122753321e-01
32                                     2.0502786752200208e-01
33                                     1.9098035521847567e-01
34                                     1.8630211322359524e-01
35                                     1.8825402103408118e-01
36                                     1.8248617365861153e-01
37                                     1.9723191749867497e-01
38                                     2.0036279057112938e-01
39                                     2.1458509237598844e-01
40                                     1.8854723118782246e-01
41                                     1.8049277500847616e-01
42                                     2.6117453594289630e-01
43                                     2.0596238239225784e-01
44                                     1.9954569288780921e-01
45                                     1.9064396724413457e-01
46                                     1.6152331141594023e-01
47                                     1.7658226100352215e-01
48                                     1.4923171081993969e-01
49                                     1.8534969114866717e-01
50                                     1.6616544021919510e-01
51                                     1.9111708457436194e-01
52                                     5.0057311444128660e-01
53                                     1.6400894674928113e-01
54                                     1.9152803120030226e-01
55                                     1.5079285361917594e-01
56                                     4.8385118919811854e-01
57                                     1.4162281427185053e-01
58                                     4.7004523040903656e-01
59                                     1.8876578986344039e-01
60                                     4.7101341772661764e-01
$End
$Loewdin_Population_Analysis
   &GeometryIndex 1
   &ListStatus       OUT
   &NATOMS [&Type "Integer"] 61
   &ATNO [&Type "ArrayOfIntegers", &Dim (61,1)] 
                                                         0

0                                                        8
1                                                        6
2                                                        6
3                                                        1
4                                                        6
5                                                        6
6                                                        6
7                                                        6
8                                                        6
9                                                        6
10                                                       6
11                                                       6
12                                                       1
13                                                       7
14                                                       6
15                                                       6
16                                                       6
17                                                       6
18                                                       8
19                                                       6
20                                                       6
21                                                       8
22                                                       6
23                                                       6
24                                                       8
25                                                       8
26                                                       6
27                                                       8
28                                                       6
29                                                       8
30                                                       6
31                                                       8
32                                                       1
33                                                       1
34                                                       1
35                                                       1
36                                                       1
37                                                       1
38                                                       1
39                                                       1
40                                                       1
41                                                       1
42                                                       1
43                                                       1
44                                                       1
45                                                       1
46                                                       1
47                                                       1
48                                                       1
49                                                       1
50                                                       1
51                                                       1
52                                                       1
53                                                       1
54                                                       1
55                                                       1
56                                                       1
57                                                       1
58                                                       1
59                                                       1
60                                                       1
   &ATOMICCHARGES [&Type "ArrayOfDoubles", &Dim (61,1)] 
                                                         0

0                                     -2.8641526746504731e-01
1                                      2.0303322439551508e-01
2                                     -1.4063216038497828e-01
3                                      1.5760292242578300e-01
4                                     -1.3871791435653691e-01
5                                     -1.0644894141369488e-01
6                                     -1.4557644360331334e-01
7                                     -2.6278826999902360e-01
8                                     -2.2034974286601550e-01
9                                     -1.1237129954056080e-01
10                                    -1.2897848106953891e-01
11                                    -2.8362845688190941e-01
12                                     1.5669484960101765e-01
13                                    -1.1739885967884778e-01
14                                    -1.4000180538260221e-01
15                                    -2.3623015085032772e-01
16                                    -2.3897310625596013e-01
17                                    -7.9429935784692596e-02
18                                    -2.9944206297945897e-01
19                                    -9.6623826644606225e-03
20                                    -7.1311000746350217e-03
21                                    -4.4491833189969299e-01
22                                    -1.0697578223749282e-02
23                                    -7.1147807942390173e-02
24                                    -4.6518781810890886e-01
25                                    -2.5933414238922481e-01
26                                     1.2172555385158379e-01
27                                    -4.1805843886114147e-01
28                                    -2.4033571273680998e-02
29                                    -4.5320190310394537e-01
30                                     2.1348764856050195e-01
31                                    -3.1100246976912693e-01
32                                     1.3706990175715450e-01
33                                     1.2943850429825399e-01
34                                     1.3690824649071232e-01
35                                     1.3644139204334949e-01
36                                     1.2809241012534878e-01
37                                     1.3423628111412278e-01
38                                     1.3393486738113980e-01
39                                     1.4491793310924728e-01
40                                     1.3825915902170205e-01
41                                     1.3121407838122989e-01
42                                     1.5945146862724269e-01
43                                     1.4117394899202795e-01
44                                     1.3682353874043940e-01
45                                     1.3707426122994337e-01
46                                     1.2050554708546324e-01
47                                     1.2832206755239617e-01
48                                     1.0481009346529391e-01
49                                     1.1854915980340719e-01
50                                     1.1557983774912972e-01
51                                     1.3040414755746887e-01
52                                     3.3792929041111719e-01
53                                     1.1069292030802025e-01
54                                     1.3307497746033436e-01
55                                     1.0742550307213317e-01
56                                     3.2925722177497641e-01
57                                     9.3854903891851027e-02
58                                     3.4040038336184542e-01
59                                     1.2513476693315706e-01
60                                     3.3823743225085312e-01
$End
$Mayer_Population_Analysis
   &GeometryIndex 1
   &ListStatus       OUT
   &NATOMS [&Type "Integer"] 61 "Total number of atoms"
   &BONDTHRESH [&Type "Double"]       1.0000000000000001e-01  "The threshold for printing"
   &NBONDORDERSPRINT [&Type "Integer"] 63 "The number of bond orders larger than threshold"
   &BONDORDERS [&Type "ArrayOfDoubles", &Dim (63,1)] "The bond orders"
                                                         0

0                                      1.8275445448120744e+00
1                                      9.5210499388502112e-01
2                                      9.6579334966386776e-01
3                                      9.2452088398436472e-01
4                                      9.5381149328838211e-01
5                                      9.4274672288132089e-01
6                                      9.4663053313712431e-01
7                                      9.2998119964735904e-01
8                                      9.5927445257955823e-01
9                                      9.9381129167459403e-01
10                                     9.6820338555815888e-01
11                                     9.5245836191932243e-01
12                                     1.9567524705616468e+00
13                                     9.3851034736244465e-01
14                                     9.5335862257932524e-01
15                                     9.5118017747367978e-01
16                                     9.6908620499848797e-01
17                                     9.4945001442432586e-01
18                                     9.4848497421945188e-01
19                                     1.0106401147344779e+00
20                                     9.3885592305595056e-01
21                                     1.9561108121002604e+00
22                                     9.3560054220784050e-01
23                                     9.5192592228564499e-01
24                                     9.5179749420415971e-01
25                                     7.9472920673556868e-01
26                                     9.9654017095141045e-01
27                                     9.7321897099848886e-01
28                                     9.0884322903018411e-01
29                                     9.4926778449568749e-01
30                                     9.7045166676652006e-01
31                                     9.4484029112436541e-01
32                                     9.4499040145720736e-01
33                                     9.8977605242147593e-01
34                                     9.5023622764719218e-01
35                                     9.5445084580852813e-01
36                                     8.1265868423744592e-01
37                                     9.5174402599387997e-01
38                                     9.2570493141174492e-01
39                                     8.0031315896575328e-01
40                                     9.8268723078092257e-01
41                                     9.6384433294981053e-01
42                                     9.3424555491717387e-01
43                                     8.0611826272253329e-01
44                                     9.3031700487808300e-01
45                                     9.3392064770364447e-01
46                                     6.8642366788080966e-01
47                                     9.8223712264658358e-01
48                                     7.9596132342394221e-01
49                                     9.3446431602584012e-01
50                                     8.7424747963325478e-01
51                                     9.4926425939259373e-01
52                                     9.4617215858774750e-01
53                                     7.0769320194010221e-01
54                                     8.4173540110272327e-01
55                                     8.7600693651004058e-01
56                                     9.4883139965763386e-01
57                                     9.4191862319298714e-01
58                                     7.3309584361893465e-01
59                                     8.2202260039097841e-01
60                                     9.3244731776583889e-01
61                                     7.3699215412465580e-01
62                                     1.7386033816563886e+00
   &COMPONENTS [&Type "ArrayOfIntegers", &Dim (63,4)] "The indices and atomic numbers of the bonding atoms"
                                                         0                           1                           2                           3

0                                                        0                           8                           1                           6
1                                                        1                           6                           2                           6
2                                                        1                           6                          13                           7
3                                                        2                           6                           3                           1
4                                                        2                           6                           4                           6
5                                                        2                           6                           9                           6
6                                                        4                           6                           5                           6
7                                                        4                           6                          12                           1
8                                                        4                           6                          30                           6
9                                                        5                           6                           6                           6
10                                                       5                           6                           8                           6
11                                                       5                           6                          32                           1
12                                                       6                           6                           7                           6
13                                                       6                           6                          33                           1
14                                                       7                           6                          34                           1
15                                                       7                           6                          35                           1
16                                                       8                           6                           9                           6
17                                                       8                           6                          36                           1
18                                                       8                           6                          37                           1
19                                                       9                           6                          10                           6
20                                                       9                           6                          38                           1
21                                                      10                           6                          11                           6
22                                                      10                           6                          39                           1
23                                                      11                           6                          40                           1
24                                                      11                           6                          41                           1
25                                                      13                           7                          14                           6
26                                                      13                           7                          30                           6
27                                                      14                           6                          15                           6
28                                                      14                           6                          42                           1
29                                                      14                           6                          43                           1
30                                                      15                           6                          16                           6
31                                                      15                           6                          44                           1
32                                                      15                           6                          45                           1
33                                                      16                           6                          17                           6
34                                                      16                           6                          46                           1
35                                                      16                           6                          47                           1
36                                                      17                           6                          18                           8
37                                                      17                           6                          48                           1
38                                                      17                           6                          49                           1
39                                                      18                           8                          19                           6
40                                                      19                           6                          20                           6
41                                                      19                           6                          28                           6
42                                                      19                           6                          50                           1
43                                                      20                           6                          21                           8
44                                                      20                           6                          22                           6
45                                                      20                           6                          51                           1
46                                                      21                           8                          52                           1
47                                                      22                           6                          23                           6
48                                                      22                           6                          25                           8
49                                                      22                           6                          53                           1
50                                                      23                           6                          24                           8
51                                                      23                           6                          54                           1
52                                                      23                           6                          55                           1
53                                                      24                           8                          56                           1
54                                                      25                           8                          26                           6
55                                                      26                           6                          27                           8
56                                                      26                           6                          28                           6
57                                                      26                           6                          57                           1
58                                                      27                           8                          58                           1
59                                                      28                           6                          29                           8
60                                                      28                           6                          59                           1
61                                                      29                           8                          60                           1
62                                                      30                           6                          31                           8
   &ATNO [&Type "ArrayOfIntegers", &Dim (61,1)] "Atomic number of the elements"
                                                         0

0                                                        8
1                                                        6
2                                                        6
3                                                        1
4                                                        6
5                                                        6
6                                                        6
7                                                        6
8                                                        6
9                                                        6
10                                                       6
11                                                       6
12                                                       1
13                                                       7
14                                                       6
15                                                       6
16                                                       6
17                                                       6
18                                                       8
19                                                       6
20                                                       6
21                                                       8
22                                                       6
23                                                       6
24                                                       8
25                                                       8
26                                                       6
27                                                       8
28                                                       6
29                                                       8
30                                                       6
31                                                       8
32                                                       1
33                                                       1
34                                                       1
35                                                       1
36                                                       1
37                                                       1
38                                                       1
39                                                       1
40                                                       1
41                                                       1
42                                                       1
43                                                       1
44                                                       1
45                                                       1
46                                                       1
47                                                       1
48                                                       1
49                                                       1
50                                                       1
51                                                       1
52                                                       1
53                                                       1
54                                                       1
55                                                       1
56                                                       1
57                                                       1
58                                                       1
59                                                       1
60                                                       1
   &NA [&Type "ArrayOfDoubles", &Dim (61,1)] "Mulliken gross atomic population"
                                                         0

0                                      8.5815852916596604e+00
1                                      5.1773207971397017e+00
2                                      6.3088888478361866e+00
3                                      7.5995052757778059e-01
4                                      6.3029946127659020e+00
5                                      6.2085028567972200e+00
6                                      6.1438033173425071e+00
7                                      6.3902660239815612e+00
8                                      6.3287592233480732e+00
9                                      6.2100667212750302e+00
10                                     6.1219859689195975e+00
11                                     6.4141063925696304e+00
12                                     7.6284076882271423e-01
13                                     7.7800814623963888e+00
14                                     6.1649244865226329e+00
15                                     6.3309214711459605e+00
16                                     6.3520737651569217e+00
17                                     6.0013801792909298e+00
18                                     8.7061764390055831e+00
19                                     5.8713305080595708e+00
20                                     5.7998935811485586e+00
21                                     8.8436207602102019e+00
22                                     5.8823338833476404e+00
23                                     5.9653919243685811e+00
24                                     8.8027974152157213e+00
25                                     8.6909697315445396e+00
26                                     5.4180272978453461e+00
27                                     8.7929007185220716e+00
28                                     5.8733518941197635e+00
29                                     8.8206450254395055e+00
30                                     5.1502708078234889e+00
31                                     8.6256051012275314e+00
32                                     7.9497213247799781e-01
33                                     8.0901964478152444e-01
34                                     8.1369788677640575e-01
35                                     8.1174597896591894e-01
36                                     8.1751382634138803e-01
37                                     8.0276808250132448e-01
38                                     7.9963720942887051e-01
39                                     7.8541490762401067e-01
40                                     8.1145276881217732e-01
41                                     8.1950722499152362e-01
42                                     7.3882546405710436e-01
43                                     7.9403761760774361e-01
44                                     8.0045430711219090e-01
45                                     8.0935603275586498e-01
46                                     8.3847668858405944e-01
47                                     8.2341773899647797e-01
48                                     8.5076828918006042e-01
49                                     8.1465030885133338e-01
50                                     8.3383455978080567e-01
51                                     8.0888291542563739e-01
52                                     4.9942688555871345e-01
53                                     8.3599105325071865e-01
54                                     8.0847196879969863e-01
55                                     8.4920714638082262e-01
56                                     5.1614881080188191e-01
57                                     8.5837718572814981e-01
58                                     5.2995476959096322e-01
59                                     8.1123421013655905e-01
60                                     5.2898658227338169e-01
   &ZA [&Type "ArrayOfDoubles", &Dim (61,1)] "Total nuclear charge"
                                                         0

0                                      8.0000000000000000e+00
1                                      6.0000000000000000e+00
2                                      6.0000000000000000e+00
3                                      1.0000000000000000e+00
4                                      6.0000000000000000e+00
5                                      6.0000000000000000e+00
6                                      6.0000000000000000e+00
7                                      6.0000000000000000e+00
8                                      6.0000000000000000e+00
9                                      6.0000000000000000e+00
10                                     6.0000000000000000e+00
11                                     6.0000000000000000e+00
12                                     1.0000000000000000e+00
13                                     7.0000000000000000e+00
14                                     6.0000000000000000e+00
15                                     6.0000000000000000e+00
16                                     6.0000000000000000e+00
17                                     6.0000000000000000e+00
18                                     8.0000000000000000e+00
19                                     6.0000000000000000e+00
20                                     6.0000000000000000e+00
21                                     8.0000000000000000e+00
22                                     6.0000000000000000e+00
23                                     6.0000000000000000e+00
24                                     8.0000000000000000e+00
25                                     8.0000000000000000e+00
26                                     6.0000000000000000e+00
27                                     8.0000000000000000e+00
28                                     6.0000000000000000e+00
29                                     8.0000000000000000e+00
30                                     6.0000000000000000e+00
31                                     8.0000000000000000e+00
32                                     1.0000000000000000e+00
33                                     1.0000000000000000e+00
34                                     1.0000000000000000e+00
35                                     1.0000000000000000e+00
36                                     1.0000000000000000e+00
37                                     1.0000000000000000e+00
38                                     1.0000000000000000e+00
39                                     1.0000000000000000e+00
40                                     1.0000000000000000e+00
41                                     1.0000000000000000e+00
42                                     1.0000000000000000e+00
43                                     1.0000000000000000e+00
44                                     1.0000000000000000e+00
45                                     1.0000000000000000e+00
46                                     1.0000000000000000e+00
47                                     1.0000000000000000e+00
48                                     1.0000000000000000e+00
49                                     1.0000000000000000e+00
50                                     1.0000000000000000e+00
51                                     1.0000000000000000e+00
52                                     1.0000000000000000e+00
53                                     1.0000000000000000e+00
54                                     1.0000000000000000e+00
55                                     1.0000000000000000e+00
56                                     1.0000000000000000e+00
57                                     1.0000000000000000e+00
58                                     1.0000000000000000e+00
59                                     1.0000000000000000e+00
60                                     1.0000000000000000e+00
   &QA [&Type "ArrayOfDoubles", &Dim (61,1)] "Mulliken gross atomic charge"
                                                         0

0                                     -5.8158529165966044e-01
1                                      8.2267920286029828e-01
2                                     -3.0888884783618664e-01
3                                      2.4004947242221941e-01
4                                     -3.0299461276590200e-01
5                                     -2.0850285679722003e-01
6                                     -1.4380331734250706e-01
7                                     -3.9026602398156118e-01
8                                     -3.2875922334807317e-01
9                                     -2.1006672127503023e-01
10                                    -1.2198596891959745e-01
11                                    -4.1410639256963044e-01
12                                     2.3715923117728577e-01
13                                    -7.8008146239638876e-01
14                                    -1.6492448652263292e-01
15                                    -3.3092147114596049e-01
16                                    -3.5207376515692168e-01
17                                    -1.3801792909298172e-03
18                                    -7.0617643900558313e-01
19                                     1.2866949194042920e-01
20                                     2.0010641885144143e-01
21                                    -8.4362076021020194e-01
22                                     1.1766611665235960e-01
23                                     3.4608075631418878e-02
24                                    -8.0279741521572134e-01
25                                    -6.9096973154453956e-01
26                                     5.8197270215465391e-01
27                                    -7.9290071852207156e-01
28                                     1.2664810588023645e-01
29                                    -8.2064502543950546e-01
30                                     8.4972919217651111e-01
31                                    -6.2560510122753143e-01
32                                     2.0502786752200219e-01
33                                     1.9098035521847556e-01
34                                     1.8630211322359425e-01
35                                     1.8825402103408106e-01
36                                     1.8248617365861197e-01
37                                     1.9723191749867552e-01
38                                     2.0036279057112949e-01
39                                     2.1458509237598933e-01
40                                     1.8854723118782268e-01
41                                     1.8049277500847638e-01
42                                     2.6117453594289564e-01
43                                     2.0596238239225639e-01
44                                     1.9954569288780910e-01
45                                     1.9064396724413502e-01
46                                     1.6152331141594056e-01
47                                     1.7658226100352203e-01
48                                     1.4923171081993958e-01
49                                     1.8534969114866662e-01
50                                     1.6616544021919433e-01
51                                     1.9111708457436261e-01
52                                     5.0057311444128660e-01
53                                     1.6400894674928135e-01
54                                     1.9152803120030137e-01
55                                     1.5079285361917738e-01
56                                     4.8385118919811809e-01
57                                     1.4162281427185019e-01
58                                     4.7004523040903678e-01
59                                     1.8876578986344095e-01
60                                     4.7101341772661831e-01
   &VA [&Type "ArrayOfDoubles", &Dim (61,1)] "Mayer's total valence"
                                                         0

0                                      1.9183631912257273e+00
1                                      3.7092873366970478e+00
2                                      3.6538906562458622e+00
3                                      9.1224436601266667e-01
4                                      3.6850689643465735e+00
5                                      3.7862059920228779e+00
6                                      3.8042877332656624e+00
7                                      3.8827722711328225e+00
8                                      3.7277383864202487e+00
9                                      3.7804645413919187e+00
10                                     3.8229538774818272e+00
11                                     3.8669765195120269e+00
12                                     9.1108010768987391e-01
13                                     2.7562911796239757e+00
14                                     3.6061989689372100e+00
15                                     3.7476753801108722e+00
16                                     3.7890400977647527e+00
17                                     3.6512104528402438e+00
18                                     1.6242524850794386e+00
19                                     3.6482476809326241e+00
20                                     3.5962718977891566e+00
21                                     1.5868848641924127e+00
22                                     3.6027104083403469e+00
23                                     3.7178698931515273e+00
24                                     1.5938014807648402e+00
25                                     1.6534780740867818e+00
26                                     3.5864547766703692e+00
27                                     1.6284995058536855e+00
28                                     3.6367047095335421e+00
29                                     1.5843539139571676e+00
30                                     3.6711727888074637e+00
31                                     1.8727217929578359e+00
32                                     9.2106393849402934e-01
33                                     9.2949635250755291e-01
34                                     9.3435935281542104e-01
35                                     9.3371975857183453e-01
36                                     9.2544555544962681e-01
37                                     9.2609202941314572e-01
38                                     9.1442240774117944e-01
39                                     9.2308986798830261e-01
40                                     9.3399409360907404e-01
41                                     9.3399853691981494e-01
42                                     9.1440530430327283e-01
43                                     9.1995862796189998e-01
44                                     9.2162947202384271e-01
45                                     9.2147778694604243e-01
46                                     9.2743802150100718e-01
47                                     9.2370139138705820e-01
48                                     9.2803345233924928e-01
49                                     9.2853132284861184e-01
50                                     9.3293195599917778e-01
51                                     9.2419529947741630e-01
52                                     7.2879363030660316e-01
53                                     9.2887181592840762e-01
54                                     9.2464047717304099e-01
55                                     9.2694491803680279e-01
56                                     7.4744146815071799e-01
57                                     9.3047934908773344e-01
58                                     7.5621609242038967e-01
59                                     9.2506176652299354e-01
60                                     7.5176309425385079e-01
   &BVA [&Type "ArrayOfDoubles", &Dim (61,1)] "Mayer's bonded valence"
                                                         0

0                                      1.9183631912257051e+00
1                                      3.7092873366970855e+00
2                                      3.6538906562458591e+00
3                                      9.1224436601266568e-01
4                                      3.6850689643465318e+00
5                                      3.7862059920228046e+00
6                                      3.8042877332656699e+00
7                                      3.8827722711327963e+00
8                                      3.7277383864202247e+00
9                                      3.7804645413919546e+00
10                                     3.8229538774818219e+00
11                                     3.8669765195120505e+00
12                                     9.1108010768987335e-01
13                                     2.7562911796240064e+00
14                                     3.6061989689371612e+00
15                                     3.7476753801108411e+00
16                                     3.7890400977646865e+00
17                                     3.6512104528402229e+00
18                                     1.6242524850794831e+00
19                                     3.6482476809325952e+00
20                                     3.5962718977891210e+00
21                                     1.5868848641923867e+00
22                                     3.6027104083402945e+00
23                                     3.7178698931514926e+00
24                                     1.5938014807647727e+00
25                                     1.6534780740868078e+00
26                                     3.5864547766703323e+00
27                                     1.6284995058536851e+00
28                                     3.6367047095334866e+00
29                                     1.5843539139570617e+00
30                                     3.6711727888074206e+00
31                                     1.8727217929577995e+00
32                                     9.2106393849403267e-01
33                                     9.2949635250754892e-01
34                                     9.3435935281541627e-01
35                                     9.3371975857183254e-01
36                                     9.2544555544962204e-01
37                                     9.2609202941313740e-01
38                                     9.1442240774118000e-01
39                                     9.2308986798830184e-01
40                                     9.3399409360907371e-01
41                                     9.3399853691981682e-01
42                                     9.1440530430327804e-01
43                                     9.1995862796189787e-01
44                                     9.2162947202384604e-01
45                                     9.2147778694604365e-01
46                                     9.2743802150100274e-01
47                                     9.2370139138705554e-01
48                                     9.2803345233924839e-01
49                                     9.2853132284860340e-01
50                                     9.3293195599917444e-01
51                                     9.2419529947740808e-01
52                                     7.2879363030660715e-01
53                                     9.2887181592840751e-01
54                                     9.2464047717304321e-01
55                                     9.2694491803681101e-01
56                                     7.4744146815071255e-01
57                                     9.3047934908772623e-01
58                                     7.5621609242039045e-01
59                                     9.2506176652298833e-01
60                                     7.5176309425384968e-01
   &FA [&Type "ArrayOfDoubles", &Dim (61,1)] "Mayer's free valence"
                                                         0

0                                      0.0000000000000000e+00
1                                      0.0000000000000000e+00
2                                      0.0000000000000000e+00
3                                      0.0000000000000000e+00
4                                      0.0000000000000000e+00
5                                      0.0000000000000000e+00
6                                      0.0000000000000000e+00
7                                      0.0000000000000000e+00
8                                      0.0000000000000000e+00
9                                      0.0000000000000000e+00
10                                     0.0000000000000000e+00
11                                     0.0000000000000000e+00
12                                     0.0000000000000000e+00
13                                     0.0000000000000000e+00
14                                     0.0000000000000000e+00
15                                     0.0000000000000000e+00
16                                     0.0000000000000000e+00
17                                     0.0000000000000000e+00
18                                     0.0000000000000000e+00
19                                     0.0000000000000000e+00
20                                     0.0000000000000000e+00
21                                     0.0000000000000000e+00
22                                     0.0000000000000000e+00
23                                     0.0000000000000000e+00
24                                     0.0000000000000000e+00
25                                     0.0000000000000000e+00
26                                     0.0000000000000000e+00
27                                     0.0000000000000000e+00
28                                     0.0000000000000000e+00
29                                     0.0000000000000000e+00
30                                     0.0000000000000000e+00
31                                     0.0000000000000000e+00
32                                     0.0000000000000000e+00
33                                     0.0000000000000000e+00
34                                     0.0000000000000000e+00
35                                     0.0000000000000000e+00
36                                     0.0000000000000000e+00
37                                     0.0000000000000000e+00
38                                     0.0000000000000000e+00
39                                     0.0000000000000000e+00
40                                     0.0000000000000000e+00
41                                     0.0000000000000000e+00
42                                     0.0000000000000000e+00
43                                     0.0000000000000000e+00
44                                     0.0000000000000000e+00
45                                     0.0000000000000000e+00
46                                     0.0000000000000000e+00
47                                     0.0000000000000000e+00
48                                     0.0000000000000000e+00
49                                     0.0000000000000000e+00
50                                     0.0000000000000000e+00
51                                     0.0000000000000000e+00
52                                     0.0000000000000000e+00
53                                     0.0000000000000000e+00
54                                     0.0000000000000000e+00
55                                     0.0000000000000000e+00
56                                     0.0000000000000000e+00
57                                     0.0000000000000000e+00
58                                     0.0000000000000000e+00
59                                     0.0000000000000000e+00
60                                     0.0000000000000000e+00
$End
$Calculation_Info
   &GeometryIndex 1
   &ListStatus       OUT
   &MULT [&Type "Integer"] 1
   &CHARGE [&Type "Integer"] 0
   &NUMOFATOMS [&Type "Integer"] 61
   &NUMOFELECTRONS [&Type "Integer"] 228
   &NUMOFFCELECTRONS [&Type "Integer"] 1
   &NUMOFCORRELECTRONS [&Type "Integer"] 0
   &NUMOFBASISFUNCTS [&Type "Integer"] 482
   &NUMOFAUXCBASISFUNCTS [&Type "Integer"] 0
   &NUMOFAUXJBASISFUNCTS [&Type "Integer"] 0
   &NUMOFAUXJKBASISFUNCTS [&Type "Integer"] 0
   &NUMOFCABSBASISFUNCTS [&Type "Integer"] 0
   &TOTALENERGY [&Type "Double"]      -1.4665862695820074e+03  "Hartrees"
$End
$SCF_Dipole_Moment
   &GeometryIndex 1
   &ListStatus       OUT
   &METHOD [&Type "String"] "SCF"
   &LEVEL [&Type "String"] "Relaxed density"
   &MULT [&Type "Integer"] 1
   &STATE [&Type "Integer"] -1
   &IRREP [&Type "Integer"] 0
   &NATOMS [&Type "Integer"] 61
   &DODIPOLEATOM [&Type "Boolean"] false
   &DIPOLEELECCONTRIB [&Type "ArrayOfDoubles", &Dim (3,1)] "Electronic contribution"
                                                         0

0                                      1.1784480252530809e+01
1                                     -2.5126243919601698e-01
2                                      4.6743414627482398e+00
   &DIPOLENUCCONTRIB [&Type "ArrayOfDoubles", &Dim (3,1)] "Nuclear contribution"
                                                         0

0                                     -1.4594103774915471e+01
1                                      4.5859768842609583e-01
2                                     -5.6804645946358114e+00
   &DIPOLETOTAL [&Type "ArrayOfDoubles", &Dim (3,1)] "Total"
                                                         0

0                                     -2.8096235223846620e+00
1                                      2.0733524923007884e-01
2                                     -1.0061231318875716e+00
   &DIPOLEMAGNITUDE [&Type "Double", &Units "a.u."]       2.9915307117978496e+00
$End
