Stage 1 RESP fit
 &cntrl
  nmol = 1,
  ihfree = 1,
  iqopt = 1,
  iunits = 1,
  qwt = 0.000500
 &end
  1.0
Monomer
    0   61
    8    0
    6    0
    6    0
    1    0
    6    0
    6    0
    6    0
    6    0
    6    0
    6    0
    6    0
    6    0
    1    0
    7    0
    6    0
    6    0
    6    0
    6    0
    8    0
    6    0
    6    0
    8    0
    6    0
    6    0
    8    0
    8    0
    6    0
    8    0
    6    0
    8    0
    6    0
    8    0
    1    0
    1    0
    1    0
    1    0
    1    0
    1    0
    1    0
    1    0
    1    0
    1    0
    1    0
    1    0
    1    0
    1    0
    1    0
    1    0
    1    0
    1    0
    1    0
    1    0
    1    0
    1    0
    1    0
    1    0
    1    0
    1    0
    1    0
    1    0
    1    0

