Stage 2 RESP fit
 &cntrl
  nmol = 1,
  ihfree = 1,
  iqopt = 2,
  iunits = 1,
  qwt = 0.001000
 &end
  1.0
Monomer
    0   61
    8    0
    6    0
    6    0
    1    0
    6    0
    6    0
    6    0
    6    0
    6    0
    6    0
    6    0
    6    0
    1    0
    7    0
    6    0
    6    0
    6    0
    6    0
    8    0
    6    0
    6    0
    8    0
    6    0
    6    0
    8    0
    8    0
    6    0
    8    0
    6    0
    8    0
    6    0
    8    0
    1    0
    1    0
    1    0
    1   35
    1    0
    1   37
    1    0
    1    0
    1    0
    1   41
    1    0
    1   43
    1    0
    1   45
    1    0
    1   47
    1    0
    1   49
    1    0
    1    0
    1    0
    1    0
    1    0
    1   55
    1    0
    1    0
    1    0
    1    0
    1    0

